[999046_611399985557878_1986950151_n.jpg]
text=3;153;31;BITCH PLEASE! NOT IN Our XII C ;Tahoma;0.133706,0.293951,0.055556,0.000000;v1,4278235837,4293454056,128.000000,1.000000,0.000000,1.000000,700,0,49152;;134;12;Boyz = Girls;Tahoma;0.391012,0.845297,0.055556,0.000000;v1,4278235837,4293454056,128.000000,1.000000,0.000000,1.000000,700,0,49152;;136;14;fail = fail :P;Tahoma;0.415816,0.900216,0.055556,0.000000;v1,4278235837,4293454056,128.000000,1.000000,0.000000,1.000000,700,0,49152;;
backuphash=11355
textactive=1
